 1 -500 -87.4049 -15.6577 1
  347    6      0.301127      -0.10796      0.681912        114002     -0.684038      0.686909     -0.245455    1
  314    5      0.264401      0.126471      0.696977        114043     -0.393034     -0.916847    -0.0701122    1
  348    4      0.313893  -0.000649255      0.687736        113962     -0.493461     -0.517734      -0.69889    1
  367    3      0.311294     0.0674654      0.681939        113943     -0.572591     -0.683852       -0.4522    1
  367    1      0.312735     0.0461923      0.683852        113942     -0.479565     -0.601904     -0.638537    1
  284    0      0.225218      0.167467       0.70056        113942     0.0620223     -0.878318     -0.474037    1
  187    6      0.241141     0.0226486      0.715821        113998     -0.139612     -0.704125     -0.696216    1
  349    0      0.312978     0.0255327      0.684614        113926     -0.686256     0.0565043     -0.725162    1
  348    3      0.301338   -0.00353148      0.692328        113912     -0.497338       0.22238     -0.838572    1
  348    2      0.313716    -0.0174974      0.686373        113908     -0.668233   -0.00912367     -0.743896    1
  335    1      0.292047    -0.0817659      0.691041        113914     -0.446814      0.501873     -0.740595    1
  301    5      0.279498     0.0456039      0.699015        113904     -0.366131     -0.430646     -0.824919    1
  349    5      0.301028      0.025517      0.690638        113899     -0.913813     -0.225053     -0.338078    1
  349    5      0.298018     0.0167292      0.692403        113882     -0.859961      0.134075     -0.492433    1
  241    6         0.273     0.0287903      0.703972        113883     -0.420695     -0.467286     -0.777598    1
  264    0      0.218788     -0.155942      0.704367        113889    -0.0475327      0.941669     -0.333168    1
  211    6      0.189674      0.173194      0.706688        113963     -0.995001    -0.0645458    -0.0762014    1
  314    6      0.287737      0.119284      0.685967        113897     -0.812276    -0.0453012     -0.581511    1
  311    4      0.189412     -0.221984      0.695722        113921     0.0601924      0.903039      -0.42532    1
  254    0       0.24474      0.114723      0.705238        113863     -0.391681     -0.686801     -0.612283    1
  235    2      0.250845     0.0718042      0.709041        113850      -0.42126     -0.330172     -0.844705    1
  169    2      0.218684     0.0684876      0.715562        113852     -0.274381     -0.860879      -0.42849    1
  300    1      0.206839     -0.195756      0.698136        113905     0.0250607      0.535828     -0.843955    1
  242    5      0.210466      0.140996      0.709898        113861     -0.239085      -0.94162     -0.237045    1
  199    6      0.248393     0.0577186      0.708375        113841     -0.495308     -0.763496     -0.414419    1
  302    3      0.245214      0.150158      0.693666        113946     -0.478595      0.253596     -0.840616    1
  222    5      0.240579    -0.0344389       0.71063        113831     -0.365805      0.382558     -0.848431    1
  126    6       0.16345     -0.126489      0.724064        113898     -0.767918      0.637336    -0.0640653    1
  272    1       0.14769      0.219853      0.707067        113913      0.289439      -0.56791     -0.770521    1
  223    5      0.243315   -0.00515948      0.712788        113823     -0.557996     -0.196739     -0.806185    1
  185    2       0.21784    -0.0896844      0.713884        113828     -0.347753      0.392052     -0.851683    1
  135    2     0.0497629     -0.200056      0.724727        113917       0.62518      0.312266      -0.71529    1
  252    2      0.239875     -0.136623      0.701399        113842     -0.717664      0.474619     -0.509603    1
  280    0      0.116017     -0.251685      0.701236        113887      0.382319      0.848473     -0.365958    1
  242    5      0.215966      0.135272      0.705831        113842     -0.705767     -0.115242     -0.699008    1
  242    5      0.215966      0.135272      0.705831        113842     -0.705767     -0.115242     -0.699008    1
  242    5      0.215966      0.135272      0.705831        113842     -0.705767     -0.115242     -0.699008    1
  300    4      0.221619     -0.177256      0.700657        113851     -0.751354      0.362851     -0.551186    1
  338    6      0.177759      0.261113      0.684548        113932     -0.271119      -0.57294     -0.773456    1
  311    6      0.194261     -0.227106      0.693974        113928     -0.517083      0.176721     -0.837493    1
  151    3      0.200551     0.0567032      0.725477        113780     -0.496358     -0.407114     -0.766738    1
   12    3     0.0443333     0.0023098      0.751467        113770      0.632668    0.00724482     -0.774389    1
  161    5       0.12713     -0.162956      0.725192        113795       0.13843      0.753131     -0.643141    1
  346    6        0.1526     -0.273528      0.685341        113942    -0.0959642      0.543503     -0.833904    1
  200    5      0.211115      0.106386      0.714483        113787     -0.763077     -0.503243     -0.405536    1
  316    0      0.189163      0.241669      0.686008        113918     -0.471959     -0.316538     -0.822835    1
  109    6      0.191941     0.0355482      0.728332        113765     -0.450038     -0.330259     -0.829696    1
  212    5      0.139998      0.201493        0.7152        113872    -0.0387008     -0.982259     -0.183494    1
  169    2      0.219869     0.0666861      0.719347        113778     -0.815665      0.274511     -0.509248    1
   71    1      0.129944    -0.0545623      0.742877        113755     0.0439429      0.540715     -0.840057    1
  128    5     0.0982951      0.159358      0.727666        113760      0.136921     -0.811533     -0.568038    1
  109    0      0.178066     0.0370237      0.730625        113755     -0.586726      0.122223     -0.800509    1
  209    0      0.167779     -0.177334      0.714043        113824     -0.512945      0.378662     -0.770391    1
   82    5    -0.0165041     -0.148264      0.739629        113816      0.780653      0.135298     -0.610144    1
  120    2      0.161521     -0.107054      0.730408        113761     -0.716942      0.645531     -0.263218    1
  271    5      0.192229      0.188889      0.706406        114045     -0.586502      0.321181     -0.743545    1
  121    1      0.176959     0.0512642      0.733163        113840      -0.49917      0.603413     -0.621869    1
  171    6      0.135809      0.193029      0.716655        113787     -0.364551      -0.67266     -0.643919    1
   61    0      0.101152      0.095356      0.742309        113760      0.364607     -0.922441     -0.127139    1
   61    0      0.101152      0.095356      0.742309        113760      0.364607     -0.922441     -0.127139    1
  269    2      0.101196     -0.270918      0.695922        113936     0.0432887      0.486969     -0.872346    1
  163    0      0.148016      0.165211      0.721416        113769     -0.482586     -0.571356     -0.663824    1
  212    1      0.150187      0.186496      0.713962        113826     -0.661177     -0.156224     -0.733784    1
  163    2      0.154877      0.160238      0.721747        113792     -0.595589     -0.117392     -0.794666    1
   75    0     0.0513813      0.139355      0.739987        113731      0.187507     -0.784531      -0.59106    1
  369    6      0.127242      0.299854      0.682234        113938     -0.543737     -0.602323     -0.584429    1
    2    5    -0.0059436     0.0376059      0.751501        113723      0.530374     -0.457813      -0.71352    1
  233    2      0.137926     -0.228929      0.704111        113869     -0.677069        0.1454     -0.721413    1
   47    6    -0.0559692     0.0953388      0.748095        113733      0.723558     -0.114853     -0.680642    1
    4    5    -0.0461316   -0.00640875      0.750455        113740      0.636832     -0.433946     -0.637288    1
  331    0     0.0851979     -0.291881      0.692376        113885     -0.263804      0.764374     -0.588337    1
  112    3   -0.00354069      0.193963      0.727303        113757      0.540602     -0.648621     -0.535762    1
   12    6     0.0689844   -0.00540638      0.748818        113727     -0.128153     -0.546448      -0.82763    1
  331    3     0.0831641     -0.281565      0.692989        113893     -0.389795      0.491701     -0.778646    1
  226    6    -0.0263771      0.251882      0.712198        113938      0.490942     -0.108596     -0.864397    1
   44    1     0.0933027     0.0539033      0.748521        113730     -0.384491      0.364622     -0.848067    1
  141    3     0.0870438      0.193628      0.724378        113765     -0.516758     -0.695763     -0.498874    1
  153    5     0.0542226      0.203894      0.725363        113772     -0.116772     -0.764811     -0.633583    1
   21    0     0.0387884     0.0757497      0.749487        113857      -0.02309      0.559536     -0.828484    1
   45    1     0.0414194     0.0971978      0.748522        113701    -0.0285482     -0.695052     -0.718392    1
  106    1     0.0161634     -0.182956      0.732513        113737      0.202245      0.852448     -0.482109    1
  154    0     0.0166891      0.213773      0.721202        113780      0.171553     -0.784205     -0.596315    1
  318    4     0.0388932      0.313916      0.681692        113944     -0.121611     -0.553266      -0.82408    1
  317    0     0.0830059      0.294711      0.690138        113916      -0.49269     -0.490428     -0.718844    1
  244    4   -0.00191056      0.272778      0.705032        113852      0.368951     -0.778038      -0.50846    1
  232    0      0.041323      -0.25232      0.705754        113847     -0.193389      0.573689     -0.795916    1
  236    4     0.0565032      0.260903      0.707062        113843     -0.289501     -0.655712     -0.697303    1
   20    3     0.0640563     0.0670293      0.749245        113700     -0.444876      -0.37327     -0.814097    1
   53    1     0.0609375     -0.104395      0.746041        113709     -0.347409      0.523133     -0.778228    1
   51    2    -0.0416053     -0.117956      0.745655        113706      0.504892      0.590045     -0.630024    1
   14    5  -0.000545349      0.060698        0.7527        113706     0.0780548     -0.590762     -0.803062    1
  107    4     0.0914047     -0.139551      0.737482        113925     -0.480335     -0.447512     -0.754329    1
   30    3     0.0764344    -0.0258654      0.748968        113709     -0.692037      0.410168      -0.59401    1
   44    6      0.115557     0.0617659      0.740888        113724     -0.880744      0.146089     -0.450498    1
  365    1    -0.0706169     -0.319557      0.678745        113969      0.564426      0.578684     -0.588684    1
  182    3     0.0373122     -0.211326      0.725159        113772     -0.594714       0.57561     -0.561238    1
   45    3     0.0434211      0.114101      0.745402        113783     -0.503749      0.209002     -0.838186    1
   76    5     -0.016573       0.15188      0.736751        113729     -0.133219     -0.760521       -0.6355    1
  191    3     -0.143382      0.199115      0.713921        113939      0.885668      0.161227     -0.435429    1
   31    1     0.0872946     0.0240452      0.750166        113753     -0.713603      0.424371     -0.557387    1
   17    5    -0.0199216    -0.0660295      0.750266        113726     -0.125253      0.800124     -0.586612    1
   34    0    -0.0936422     -0.034079      0.749257        113720      0.433013      0.680081       -0.5916    1
   24    5    -0.0971015     0.0319088       0.74356        113713      0.522082      -0.12106      -0.84426    1
    0    3    -0.0113647    0.00867974      0.752412        113749     -0.197072      0.559747     -0.804889    1
   57    4     -0.093786      0.100146      0.738434        113713      0.347145     -0.648118     -0.677815    1
   47    6    -0.0584399     0.0998369      0.743506        113718     0.0296868     -0.621025     -0.783229    1
   80    0     -0.129278    -0.0749379      0.741376        113715      0.687488      0.659111     -0.304848    1
  352    5    -0.0312363      0.309637      0.686425        113941     -0.514782     -0.781321     -0.352897    1
  352    5    -0.0312363      0.309637      0.686425        113941     -0.514782     -0.781321     -0.352897    1
  116    2     -0.153495     -0.100425      0.730346        113723      0.731177      0.496867     -0.467443    1
  231    3     -0.129256     -0.211043       0.71275        113886       0.65929      0.292794     -0.692537    1
   17    4   -0.00769366    -0.0541875      0.754093        113730     -0.382011      0.643361     -0.663441    1
    6    1     0.0233483    -0.0324599      0.752784        113750     -0.620254     -0.338551     -0.707579    1
  261    2    -0.0744379     -0.274705      0.699147        113923     -0.245567      0.939307     -0.239581    1
  101    4    -0.0760835      0.160978      0.733477        113765    -0.0972541     -0.671386     -0.734699    1
  195    2    -0.0947983     -0.222931      0.714415        113883     0.0118682      0.520636     -0.853696    1
  101    0    -0.0811306      0.148979      0.734796        113753     -0.144584      -0.94884      -0.28071    1
   93    1     -0.170253     0.0193516      0.736085        113740      0.562091     -0.176371     -0.808051    1
   25    0    -0.0904197    0.00345152      0.746352        113772     -0.202716     -0.516921     -0.831685    1
   92    6    -0.0396137      0.162929      0.734556        113810     -0.549311     -0.282202     -0.786524    1
  194    6     -0.184929     -0.129916      0.719893        113786      0.727369      0.580295     -0.366323    1
   66    3     -0.151385     0.0186009      0.737944        113771      0.936486      0.320321     -0.142787    1
  177    2     -0.218539   -0.00476828      0.721516        113794       0.63383      0.405512      -0.65865    1
  228    6     -0.224225     0.0932368      0.715952        113796      0.772988     -0.305963     -0.555766    1
  231    2     -0.121273     -0.234972      0.705995        113893     -0.239888      0.677537     -0.695268    1
  246    6     -0.222599      0.126579      0.707836        113854      0.931605     0.0960517     -0.350551    1
  238    3     -0.249836    -0.0773755      0.704387        113843      0.660706       0.44862     -0.601837    1
  326    4     -0.274293     -0.116316      0.689749        113941      0.761246     -0.429749     -0.485613    1
  176    3     -0.214065     0.0867095      0.717025        113838      0.251861     -0.881293      -0.39986    1
  248    4     -0.217583     -0.124085       0.71307        113854      0.288446       0.58634      -0.75697    1
  356    1     -0.265736     -0.185926      0.682656        114010      0.859191     -0.254042     -0.444133    1
  247    5     -0.274192    -0.0354666      0.700653        113879      0.619084        0.6078     -0.497307    1
  276    5     -0.286506     0.0185767      0.698279        113917      0.425652      0.203472     -0.881714    1
  374    4     -0.278963     -0.142736      0.686415        114123      0.619628      -0.77808     -0.103214    1
